n:33:n29:255:0:0:528:609
n:48:n43:255:0:0:861:502
n:67:n61:0:0:255:532:61
n:28:n24:255:0:0:714:78
n:41:n35:255:0:0:755:292
n:56:n50:0:128:0:983:671
n:70:n64:0:0:255:590:710
n:49:n44:255:0:0:793:606
n:0:n0:255:0:0:44:76
n:57:n51:0:128:0:952:210
n:8:n7:255:0:0:200:255
n:37:n33:255:0:0:739:510
n:1:n1:255:0:0:61:151
n:16:n13:255:0:0:428:176
n:45:n40:255:0:0:846:327
n:9:n8:255:0:0:297:158
n:53:n48:255:0:0:961:505
n:68:n62:0:0:255:317:227
n:17:n14:255:0:0:365:289
n:34:n30:255:0:0:401:651
n:61:n55:0:0:255:511:497
n:25:n21:255:0:0:398:524
n:42:n37:255:0:0:806:124
n:35:n31:255:0:0:494:710
n:50:n45:255:0:0:761:716
n:43:n38:255:0:0:912:136
n:58:n52:0:128:0:286:73
n:21:n18:255:0:0:125:605
n:38:n34:255:0:0:774:392
n:64:n58:0:0:255:323:709
n:51:n46:255:0:0:895:704
n:2:n2:0:128:0:120:95
n:29:n25:255:0:0:701:179
n:46:n41:255:0:0:948:278
n:59:n53:0:128:0:264:320
n:65:n59:0:0:255:79:689
n:3:n3:0:0:255:57:238
n:18:n15:255:0:0:331:403
n:47:n42:255:0:0:926:401
n:62:n56:0:0:255:628:229
n:11:n9:255:0:0:190:352
n:26:n22:255:0:0:482:371
n:36:n32:255:0:0:679:665
n:55:n49:0:128:0:800:458
n:19:n16:255:0:0:254:520
n:44:n39:255:0:0:951:56
n:63:n57:0:0:255:336:486
n:14:n11:255:0:0:443:75
n:27:n23:255:0:0:532:257
n:69:n63:0:0:255:842:69
n:52:n47:255:0:0:920:600
n:7:n6:255:0:0:90:329
n:22:n19:255:0:0:186:696
n:60:n54:0:128:0:174:494
n:15:n12:255:0:0:573:133
n:30:n26:255:0:0:653:333
n:4:n4:0:0:255:134:207
n:23:n20:255:0:0:277:641
n:32:n28:255:0:0:635:546
n:66:n60:0:0:255:55:550
n:12:n10:255:0:0:100:449
n:31:n27:255:0:0:632:431
n:40:n36:255:0:0:842:226
e:33:35:106.569
e:33:70:118.512
e:33:34:133.765
e:33:32:124.169
e:48:49:124.258
e:48:53:100.045
e:48:52:114.39
e:67:15:82.8553
e:67:28:182.792
e:28:42:102.859
e:28:67:182.792
e:28:15:151.347
e:28:29:101.833
e:41:40:109.202
e:41:29:125.24
e:41:30:109.932
e:56:51:93.984
e:56:53:167.451
e:56:52:94.921
e:70:35:96
e:70:32:170.062
e:70:33:118.512
e:49:50:114.56
e:49:36:128.363
e:49:48:124.258
e:49:51:141.45
e:49:52:127.142
e:0:1:76.9025
e:0:2:78.339
e:57:44:154.003
e:57:46:68.1175
e:57:42:169.446
e:57:40:111.158
e:57:43:84.119
e:8:7:132.575
e:8:11:97.5141
e:8:9:137.179
e:8:4:81.6088
e:8:59:91.2195
e:8:68:120.304
e:37:38:123.081
e:37:55:80.1561
e:1:0:76.9025
e:1:2:81.3449
e:16:17:129.375
e:16:14:102.108
e:16:9:132.231
e:16:15:151.242
e:16:68:122.156
e:45:47:108.977
e:45:46:113.159
e:45:38:97
e:9:8:137.179
e:9:68:71.8401
e:9:4:170.206
e:9:2:187.878
e:9:16:132.231
e:9:58:85.7088
e:53:48:100.045
e:53:56:167.451
e:53:52:103.47
e:68:17:78.4092
e:68:59:107.042
e:68:9:71.8401
e:68:16:122.156
e:68:8:120.304
e:17:18:118.962
e:17:59:105.65
e:17:16:129.375
e:17:68:78.4092
e:34:25:127.035
e:34:35:110.136
e:34:33:133.765
e:34:64:97.2008
e:34:23:124.403
e:61:26:129.294
e:61:31:137.83
e:25:34:127.035
e:25:63:72.7186
e:25:19:144.056
e:42:28:102.859
e:42:69:65.7343
e:42:43:106.677
e:42:57:169.446
e:42:40:108.167
e:42:29:118.533
e:42:15:233.174
e:35:33:106.569
e:35:64:171.003
e:35:34:110.136
e:35:70:96
e:50:49:114.56
e:50:36:96.566
e:43:44:89
e:43:42:106.677
e:43:40:114.018
e:43:57:84.119
e:43:69:96.8969
e:58:9:85.7088
e:21:65:95.7706
e:21:66:89.0225
e:21:22:109.554
e:21:23:156.205
e:38:45:97
e:38:37:123.081
e:38:55:70.9366
e:38:47:152.266
e:64:35:171.003
e:64:22:137.615
e:64:34:97.2008
e:64:23:82.0975
e:51:49:141.45
e:51:56:93.984
e:51:52:106.963
e:2:0:78.339
e:2:9:187.878
e:2:4:112.872
e:2:1:81.3449
e:29:30:161.307
e:29:40:148.627
e:29:41:125.24
e:29:42:118.533
e:29:62:88.4816
e:29:15:136.015
e:29:28:101.833
e:46:45:113.159
e:46:47:124.952
e:46:57:68.1175
e:59:11:80.6226
e:59:68:107.042
e:59:17:105.65
e:59:18:106.668
e:59:8:91.2195
e:65:21:95.7706
e:65:66:141.057
e:65:22:107.229
e:3:7:96.7988
e:3:4:83.006
e:18:11:149.94
e:18:17:118.962
e:18:63:83.1505
e:18:59:106.668
e:18:60:181.466
e:18:19:140.064
e:47:45:108.977
e:47:46:124.952
e:47:38:152.266
e:47:55:138.293
e:62:29:88.4816
e:62:27:100
e:62:15:110.639
e:62:30:106.963
e:11:7:102.611
e:11:12:132.322
e:11:59:80.6226
e:11:18:149.94
e:11:60:142.899
e:11:8:97.5141
e:26:31:161.555
e:26:27:124.483
e:26:61:129.294
e:26:30:175.171
e:36:49:128.363
e:36:50:96.566
e:55:47:138.293
e:55:37:80.1561
e:55:38:70.9366
e:19:25:144.056
e:19:63:88.7694
e:19:18:140.064
e:19:60:84.119
e:44:43:89
e:44:57:154.003
e:63:25:72.7186
e:63:19:88.7694
e:63:18:83.1505
e:14:16:102.108
e:27:26:124.483
e:27:31:200.689
e:27:62:100
e:27:30:142.888
e:69:42:65.7343
e:69:43:96.8969
e:52:49:127.142
e:52:56:94.921
e:52:48:114.39
e:52:51:106.963
e:52:53:103.47
e:7:11:102.611
e:7:3:96.7988
e:7:12:120.416
e:7:4:129.692
e:7:8:132.575
e:22:65:107.229
e:22:21:109.554
e:22:64:137.615
e:22:23:106.33
e:60:11:142.899
e:60:18:181.466
e:60:12:86.6083
e:60:19:84.119
e:15:29:136.015
e:15:42:233.174
e:15:67:82.8553
e:15:16:151.242
e:15:62:110.639
e:15:28:151.347
e:30:26:175.171
e:30:41:109.932
e:30:31:100.225
e:30:27:142.888
e:30:62:106.963
e:30:29:161.307
e:4:7:129.692
e:4:3:83.006
e:4:9:170.206
e:4:2:112.872
e:4:8:81.6088
e:23:21:156.205
e:23:22:106.33
e:23:34:124.403
e:23:64:82.0975
e:32:70:170.062
e:32:33:124.169
e:66:21:89.0225
e:66:65:141.057
e:12:11:132.322
e:12:7:120.416
e:12:60:86.6083
e:31:26:161.555
e:31:61:137.83
e:31:27:200.689
e:31:30:100.225
e:40:43:114.018
e:40:41:109.202
e:40:42:108.167
e:40:57:111.158
e:40:29:148.627